FeatureValue   |   Average TimeWithMD
       4      |       21.6666666667      
       5      |       16.5      
       6      |       18.5333333333      
       7      |       19.0384615385      
       8      |       18.8039215686      
       9      |       21.0575634518      
       10      |       20.2894736842      
       11      |       17.7692307692      
       12      |       21.3571428571      
       13      |       18.3928571429      
       14      |       17.8113207547      
       15      |       18.4107142857      
       16      |       18.9855072464      
       17      |       18.1230769231      
       18      |       18.6842105263      
       19      |       17.3484848485      
       20      |       17.24      
       21      |       18.8305084746      
       22      |       17.8958333333      
       23      |       15.0806451613      
       24      |       18.4444444444      
       25      |       18.4181818182      
       26      |       18.2967032967      
       27      |       18.2142857143      
       28      |       17.768115942      
       29      |       19.5294117647      
       30      |       18.9038461538      
       31      |       14.9305555556      
       32      |       15.5344827586      
       33      |       17.3875      
       34      |       16.4210526316      
       35      |       21.3606557377      
       36      |       18.1428571429      
       37      |       16.9130434783      
       38      |       18.5909090909      
       39      |       21.3225806452      
       40      |       16.358974359      
       41      |       16.4324324324      
       42      |       16.4489795918      
       43      |       18.5      
       44      |       18.7173913043      
       45      |       21.5333333333      
       46      |       16.2790697674      
       47      |       17.6285714286      
       48      |       18.0833333333      
       49      |       16.8064516129      
       50      |       19.0      
       51      |       20.8148148148      
       52      |       17.2413793103      
       53      |       17.5384615385      
       54      |       20.28      
       55      |       15.3684210526      
       56      |       19.6111111111      
       57      |       19.5294117647      
       58      |       16.8214285714      
       59      |       18.0      
       60      |       21.8387096774      
       61      |       19.0416666667      
       62      |       20.72      
       63      |       24.1363636364      
       64      |       16.8387096774      
       65      |       21.6315789474      
       66      |       19.7727272727      
       67      |       19.9      
       68      |       16.625      
       69      |       18.2222222222      
       70      |       17.8333333333      
       71      |       21.0476190476      
       72      |       17.9285714286      
       73      |       20.3571428571      
       74      |       19.1538461538      
       75      |       21.0      
       76      |       18.8      
       77      |       21.45      
       78      |       23.1111111111      
       79      |       21.6      
       80      |       17.8235294118      
       81      |       22.5      
       82      |       20.0555555556      
       83      |       19.8888888889      
       84      |       24.2352941176      
       85      |       17.4090909091      
       86      |       21.5882352941      
       87      |       21.5454545455      
       88      |       19.9642857143      
       89      |       17.2941176471      
       90      |       22.1025641026      
       91      |       21.0833333333      
       92      |       19.04      
       93      |       18.4516129032      
       94      |       20.3636363636      
       95      |       18.7      
       96      |       22.4090909091      
       97      |       19.6923076923      
       98      |       17.4285714286      
       99      |       21.0344827586      
       100      |       20.4230769231      
       101      |       20.0      
       102      |       20.6388888889      
       103      |       18.1304347826      
       104      |       21.4901960784      
       105      |       21.976744186      
       106      |       22.7307692308      
       107      |       21.0444444444      
       108      |       21.0483870968      
       109      |       20.7551020408      
       110      |       21.23      
       111      |       18.46      
       112      |       20.9438202247      
       113      |       18.75      
       114      |       21.3164556962      
       115      |       20.75      
       116      |       21.2987012987      
       117      |       20.6818181818      
       118      |       20.2843137255      
       119      |       18.7848101266      
       120      |       21.9539473684      
       121      |       21.231884058      
       122      |       22.7326732673      
       123      |       21.0      
       124      |       20.3185840708      
       125      |       22.671875      
       126      |       21.6259541985      
       127      |       21.0210526316      
       128      |       19.992      
       129      |       21.9545454545      
       130      |       20.896039604      
       131      |       19.9894736842      
       132      |       20.694214876      
       133      |       22.5714285714      
       134      |       20.3521126761      
       135      |       20.7671232877      
       136      |       18.8346456693      
       137      |       21.7627118644      
       138      |       20.7278911565      
       139      |       20.6695652174      
       140      |       22.2949308756      
       141      |       19.8909090909      
       142      |       20.275862069      
       143      |       22.6044776119      
       144      |       20.2706766917      
       145      |       19.7135135135      
       146      |       19.582781457      
       147      |       19.4714285714      
       148      |       20.7328767123      
       149      |       19.1307692308      
       150      |       21.2672064777      
       151      |       20.88      
       152      |       19.9655172414      
       153      |       19.7384615385      
       154      |       20.8616352201      
       155      |       21.3825136612      
       156      |       21.8541666667      
       157      |       20.6577181208      
       158      |       22.3229813665      
       159      |       19.0901639344      
       160      |       21.6212121212      
       161      |       20.75      
       162      |       21.7933333333      
       163      |       20.1612903226      
       164      |       19.5844155844      
       165      |       20.1232227488      
       166      |       19.9150326797      
       167      |       19.6056338028      
       168      |       20.1477272727      
       169      |       21.3557692308      
       170      |       21.7756653992      
       171      |       19.8839285714      
       172      |       22.325443787      
       173      |       19.6944444444      
       174      |       20.5      
       175      |       21.4719626168      
       176      |       20.6439393939      
       177      |       23.2796610169      
       178      |       18.4459459459      
       179      |       19.7663551402      
       180      |       20.9479553903      
       181      |       19.6990291262      
       182      |       20.0529801325      
       183      |       21.2411347518      
       184      |       21.1940298507      
       185      |       18.664921466      
       186      |       19.7705882353      
       187      |       21.9836065574      
       188      |       20.5153846154      
       189      |       21.9512195122      
       190      |       20.8333333333      
       191      |       19.75      
       192      |       22.03125      
       193      |       22.1684210526      
       194      |       21.9724137931      
       195      |       18.9473684211      
       196      |       21.580952381      
       197      |       19.7021276596      
       198      |       20.1754385965      
       199      |       22.9805825243      
       200      |       20.641025641      
       201      |       20.7142857143      
       202      |       21.8222222222      
       203      |       20.3535353535      
       204      |       20.3271028037      
       205      |       23.4201680672      
       206      |       23.8039215686      
       207      |       22.4318181818      
       208      |       22.2564102564      
       209      |       21.2058823529      
       210      |       19.8571428571      
       211      |       22.3870967742      
       212      |       19.5405405405      
       213      |       19.8461538462      
       214      |       20.2207792208      
       215      |       22.5102040816      
       216      |       19.6153846154      
       217      |       18.8658536585      
       218      |       22.6290322581      
       219      |       21.7313432836      
       220      |       20.6241134752      
       221      |       22.0983606557      
       222      |       18.5066666667      
       223      |       21.5166666667      
       224      |       20.5555555556      
       225      |       19.5102040816      
       226      |       20.9113924051      
       227      |       20.5666666667      
       228      |       19.7049180328      
       229      |       19.868852459      
       230      |       19.8269230769      
       231      |       20.8679245283      
       232      |       20.9411764706      
       233      |       21.7254901961      
       234      |       20.8305084746      
       235      |       19.606557377      
       236      |       24.0833333333      
       237      |       20.488372093      
       238      |       23.62      
       239      |       20.5      
       240      |       20.4230769231      
       241      |       20.02      
       242      |       21.0980392157      
       243      |       22.2195121951      
       244      |       20.2105263158      
       245      |       18.3      
       246      |       19.1363636364      
       247      |       19.275      
       248      |       21.1578947368      
       249      |       19.0540540541      
       250      |       21.6276595745      
       251      |       22.4814814815      
       252      |       20.5348837209      
       253      |       19.5172413793      
       254      |       19.7027027027      
       255      |       17.3421052632      
       256      |       18.2142857143      
       257      |       20.5      
       258      |       20.6774193548      
       259      |       19.75      
       260      |       18.2545454545      
       261      |       24.8260869565      
       262      |       23.3076923077      
       263      |       22.3157894737      
       264      |       20.0      
       265      |       19.5128205128      
       266      |       22.3571428571      
       267      |       15.7272727273      
       268      |       24.4444444444      
       269      |       19.2727272727      
       270      |       17.6216216216      
       271      |       20.1764705882      
       272      |       21.15      
       273      |       21.652173913      
       274      |       22.28      
       275      |       19.4074074074      
       276      |       17.2857142857      
       277      |       17.7857142857      
       278      |       21.3571428571      
       279      |       23.5833333333      
       280      |       20.5263157895      
       281      |       20.0      
       282      |       18.1      
       283      |       21.7333333333      
       284      |       23.9230769231      
       285      |       23.2380952381      
       286      |       18.4615384615      
       287      |       16.625      
       288      |       22.4      
       289      |       20.0      
       290      |       19.75      
       291      |       17.0      
       292      |       25.0526315789      
       293      |       27.25      
       294      |       18.3      
       295      |       16.0      
       296      |       26.6      
       297      |       13.4444444444      
       298      |       23.6363636364      
       299      |       19.4166666667      
       300      |       19.52      
       301      |       19.4285714286      
       302      |       15.0      
       303      |       21.4      
       304      |       25.8333333333      
       305      |       24.2307692308      
       306      |       15.3333333333      
       307      |       22.0      
       308      |       22.5833333333      
       309      |       20.9166666667      
       310      |       15.0      
       311      |       18.3333333333      
       312      |       19.1875      
       313      |       21.0      
       314      |       17.6      
       315      |       17.0      
       316      |       20.0      
       317      |       22.5      
       318      |       15.4285714286      
       319      |       17.3333333333      
       320      |       20.4545454545      
       321      |       22.5      
       322      |       17.375      
       323      |       25.4      
       324      |       25.0      
       325      |       23.0      
       326      |       15.0      
       327      |       18.0      
       328      |       19.5      
       329      |       34.0      
       330      |       15.5      
       331      |       18.0      
       332      |       17.0      
       333      |       27.6666666667      
       334      |       20.75      
       335      |       36.3333333333      
       336      |       24.8      
       337      |       20.6666666667      
       338      |       22.5      
       339      |       19.5      
       340      |       21.7777777778      
       341      |       7.5      
       342      |       26.25      
       343      |       16.3333333333      
       345      |       37.3333333333      
       346      |       16.25      
       347      |       22.5      
       348      |       32.5      
       349      |       20.0      
       350      |       21.4166666667      
       351      |       15.0      
       353      |       15.0      
       354      |       27.0      
       355      |       15.8333333333      
       356      |       20.0      
       357      |       19.6666666667      
       358      |       18.3333333333      
       359      |       15.0      
       360      |       16.625      
       361      |       20.0      
       363      |       15.0      
       364      |       26.0      
       365      |       22.5      
       366      |       17.5      
       367      |       10.0      
       368      |       15.0      
       369      |       17.0      
       370      |       15.0      
       372      |       15.0      
       374      |       15.0      
       375      |       30.2      
       377      |       8.0      
       379      |       15.0      
       380      |       15.0      
       381      |       22.0      
       382      |       45.0      
       385      |       22.5      
       386      |       17.0      
       387      |       12.5      
       388      |       10.0      
       389      |       22.5      
       390      |       14.0      
       393      |       12.5      
       395      |       18.3333333333      
       397      |       13.5      
       398      |       15.0      
       400      |       30.0      
       403      |       15.0      
       404      |       15.0      
       410      |       17.5      
       415      |       20.0      
       420      |       18.0      
       422      |       11.0      
       425      |       19.0      
       426      |       20.0      
       430      |       24.5      
       432      |       45.0      
       434      |       40.0      
       435      |       15.0      
       436      |       20.0      
       439      |       60.0      
       444      |       15.0      
       450      |       18.0      
       460      |       30.0      
       464      |       34.0      
       467      |       30.0      
       468      |       20.0      
       475      |       15.0      
       481      |       15.0      
       495      |       14.0      
       500      |       12.75      
