FeatureValue   |   Average TimeWithMD
       3205      |       21.4285714286      
       2049      |       11.25      
       2050      |       12.4827586207      
       6833      |       15.8181818182      
       2054      |       9.6875      
       2055      |       18.6176470588      
       2732      |       19.4736842105      
       6154      |       24.0      
       2059      |       14.7727272727      
       2060      |       18.8461538462      
       15      |       19.96875      
       2064      |       8.70967741935      
       2065      |       10.6666666667      
       2069      |       22.8      
       22      |       16.0571428571      
       2071      |       20.7407407407      
       2072      |       21.5      
       2076      |       18.2173913043      
       2078      |       30.0      
       31      |       19.375      
       33      |       15.0      
       2082      |       22.4594594595      
       2395      |       20.3846153846      
       2084      |       23.5185185185      
       2085      |       27.2727272727      
       6183      |       20.8928571429      
       6184      |       15.9375      
       41      |       20.7037037037      
       42      |       30.9615384615      
       43      |       24.7826086957      
       44      |       34.85      
       6834      |       18.2142857143      
       2095      |       12.1290322581      
       2096      |       19.8095238095      
       6193      |       20.1      
       2098      |       16.6315789474      
       6835      |       19.4117647059      
       2102      |       15.5769230769      
       3081      |       21.0625      
       6495      |       20.1923076923      
       60      |       30.8333333333      
       2109      |       33.0952380952      
       62      |       23.7857142857      
       63      |       17.2051282051      
       3366      |       26.7692307692      
       6155      |       31.5      
       2117      |       60.0      
       70      |       14.625      
       6215      |       1.0      
       2120      |       29.5454545455      
       2121      |       52.7777777778      
       77      |       13.0952380952      
       2128      |       45.0      
       6225      |       22.7857142857      
       6814      |       0.0      
       83      |       11.9512195122      
       85      |       20.4615384615      
       86      |       19.3513513514      
       87      |       16.6923076923      
       88      |       25.8      
       2137      |       40.0      
       91      |       17.2222222222      
       92      |       14.4827586207      
       2141      |       66.0      
       98      |       10.0      
       99      |       9.8125      
       2148      |       48.5833333333      
       2151      |       60.0      
       104      |       26.243902439      
       106      |       16.7407407407      
       107      |       21.4516129032      
       6823      |       22.2222222222      
       6255      |       27.5945945946      
       112      |       21.6666666667      
       2162      |       3.23529411765      
       115      |       23.7894736842      
       116      |       19.96      
       2165      |       32.8571428571      
       118      |       20.1470588235      
       2168      |       40.6      
       123      |       17.325      
       125      |       16.2413793103      
       126      |       17.8571428571      
       128      |       5.76923076923      
       129      |       35.0      
       6274      |       16.9714285714      
       2179      |       39.2121212121      
       132      |       19.2580645161      
       133      |       20.1111111111      
       134      |       17.8648648649      
       136      |       21.625      
       6845      |       17.6428571429      
       2186      |       20.0      
       6283      |       20.3461538462      
       6365      |       15.5555555556      
       142      |       16.935483871      
       143      |       15.7142857143      
       2193      |       53.3333333333      
       6643      |       19.1666666667      
       2755      |       17.3863636364      
       148      |       22.3333333333      
       149      |       21.6666666667      
       154      |       33.6206896552      
       157      |       21.1481481481      
       158      |       17.1428571429      
       6303      |       14.53125      
       2208      |       30.8333333333      
       161      |       14.7222222222      
       162      |       14.5238095238      
       2211      |       30.0      
       164      |       38.0      
       165      |       14.5161290323      
       166      |       19.3333333333      
       2215      |       60.0      
       2216      |       24.0      
       2217      |       0.0      
       6314      |       16.9090909091      
       2759      |       15.0      
       172      |       27.9090909091      
       173      |       21.0      
       2222      |       25.9722222222      
       6875      |       19.8064516129      
       178      |       15.0      
       2227      |       49.5555555556      
       6683      |       17.6875      
       2761      |       20.1842105263      
       2232      |       35.5769230769      
       187      |       51.0      
       6244      |       29.6666666667      
       2238      |       20.8      
       194      |       18.9310344828      
       2243      |       20.0      
       196      |       19.6363636364      
       197      |       30.0      
       6485      |       16.125      
       199      |       17.7428571429      
       6345      |       23.9230769231      
       2911      |       29.5652173913      
       2424      |       22.3529411765      
       211      |       20.1153846154      
       213      |       11.0909090909      
       214      |       15.347826087      
       6963      |       20.0      
       2266      |       42.7333333333      
       2767      |       15.0      
       221      |       18.78125      
       223      |       28.4242424242      
       6493      |       18.2608695652      
       2273      |       45.4545454545      
       2276      |       35.8947368421      
       229      |       15.5      
       2279      |       17.9090909091      
       232      |       20.3928571429      
       233      |       16.3870967742      
       2282      |       0.0      
       3111      |       23.5714285714      
       236      |       17.4324324324      
       237      |       15.4838709677      
       238      |       15.0      
       2287      |       25.641025641      
       6384      |       15.3333333333      
       241      |       18.3333333333      
       244      |       19.8260869565      
       6623      |       13.44      
       248      |       17.5      
       2297      |       38.1818181818      
       2298      |       13.5483870968      
       2299      |       22.8125      
       2301      |       21.0625      
       256      |       18.4146341463      
       2432      |       60.0      
       258      |       11.7058823529      
       2309      |       49.0      
       262      |       5.57142857143      
       2433      |       23.7105263158      
       264      |       15.7435897436      
       265      |       15.2333333333      
       2314      |       75.0      
       6413      |       15.0      
       6414      |       20.0      
       7033      |       25.0      
       2320      |       0.0      
       2323      |       44.5945945946      
       276      |       23.7142857143      
       2325      |       39.2307692308      
       278      |       17.8571428571      
       2777      |       36.6666666667      
       2396      |       25.6666666667      
       282      |       17.9677419355      
       283      |       21.4583333333      
       284      |       18.0      
       285      |       14.8275862069      
       286      |       30.0      
       287      |       18.2666666667      
       288      |       22.5      
       289      |       24.9090909091      
       2338      |       35.6363636364      
       291      |       18.5833333333      
       6534      |       15.5769230769      
       2342      |       51.6666666667      
       6605      |       15.0      
       2346      |       60.0      
       299      |       61.9565217391      
       2348      |       38.75      
       6194      |       19.1666666667      
       302      |       19.7272727273      
       303      |       17.5714285714      
       305      |       23.125      
       306      |       30.0      
       2355      |       43.2692307692      
       6453      |       15.0      
       6454      |       15.0      
       6455      |       15.0      
       312      |       22.9      
       315      |       20.1785714286      
       2364      |       20.0      
       317      |       24.7352941176      
       6385      |       20.0      
       319      |       22.5      
       320      |       23.625      
       321      |       16.7857142857      
       2370      |       28.0      
       325      |       20.0      
       326      |       24.3243243243      
       2949      |       30.4285714286      
       329      |       21.0208333333      
       6474      |       15.28125      
       3127      |       26.6      
       2381      |       34.92      
       2382      |       50.0      
       2384      |       18.3333333333      
       338      |       45.0      
       339      |       11.4516129032      
       2388      |       22.4473684211      
       341      |       11.7857142857      
       345      |       17.4285714286      
       346      |       19.4594594595      
       347      |       20.8928571429      
       348      |       24.5      
       349      |       20.2941176471      
       6494      |       20.5555555556      
       351      |       17.5714285714      
       352      |       39.75      
       353      |       25.46875      
       354      |       22.5757575758      
       356      |       20.9090909091      
       358      |       18.8888888889      
       359      |       23.85      
       6504      |       7.0      
       361      |       25.2424242424      
       2412      |       31.0625      
       2414      |       30.7142857143      
       372      |       20.8571428571      
       374      |       20.0      
       3112      |       28.5142857143      
       376      |       21.0      
       378      |       16.25      
       381      |       12.8125      
       384      |       24.9      
       385      |       19.9210526316      
       2434      |       20.4      
       2454      |       15.0      
       2438      |       23.5714285714      
       391      |       14.8484848485      
       392      |       14.1904761905      
       393      |       14.6808510638      
       396      |       17.3333333333      
       400      |       16.6774193548      
       2449      |       35.0      
       3082      |       24.3181818182      
       3139      |       28.95      
       404      |       15.5769230769      
       405      |       17.6774193548      
       406      |       23.6363636364      
       2455      |       19.0      
       6553      |       21.8333333333      
       410      |       15.5555555556      
       2799      |       30.0      
       2458      |       16.4285714286      
       3287      |       22.5      
       6213      |       30.0      
       6563      |       14.5833333333      
       6564      |       15.0      
       2118      |       18.75      
       422      |       31.9444444444      
       2801      |       13.4615384615      
       2810      |       11.4705882353      
       426      |       26.7586206897      
       2475      |       18.75      
       428      |       18.1707317073      
       429      |       30.0      
       430      |       7.97058823529      
       2480      |       31.5625      
       435      |       18.5      
       438      |       18.7727272727      
       2489      |       35.6666666667      
       443      |       17.3018867925      
       446      |       22.3529411765      
       447      |       30.5384615385      
       448      |       28.1818181818      
       6593      |       14.4871794872      
       2570      |       22.5909090909      
       451      |       30.3846153846      
       2500      |       33.7857142857      
       2470      |       15.0      
       459      |       18.75      
       2509      |       25.3333333333      
       464      |       12.1219512195      
       3249      |       35.7692307692      
       469      |       18.0769230769      
       2518      |       26.9230769231      
       6615      |       20.4545454545      
       472      |       26.75      
       473      |       23.4615384615      
       2522      |       12.6538461538      
       2523      |       46.1818181818      
       2524      |       38.7931034483      
       477      |       22.75      
       478      |       12.40625      
       6565      |       14.5      
       480      |       21.875      
       6625      |       21.6666666667      
       2531      |       25.3333333333      
       2532      |       21.7391304348      
       485      |       26.8205128205      
       487      |       15.0      
       6634      |       16.875      
       6635      |       15.0      
       493      |       20.0      
       2543      |       21.7105263158      
       2335      |       32.0      
       497      |       13.6111111111      
       499      |       18.7419354839      
       500      |       21.5384615385      
       2814      |       14.8214285714      
       504      |       18.3333333333      
       509      |       19.0909090909      
       6654      |       0.0      
       2133      |       27.6666666667      
       512      |       22.2105263158      
       2561      |       20.8      
       514      |       24.6666666667      
       2564      |       25.4      
       518      |       20.5882352941      
       6663      |       10.5666666667      
       2569      |       39.2      
       522      |       16.8571428571      
       2135      |       36.8181818182      
       525      |       17.7586206897      
       2477      |       51.2857142857      
       3359      |       32.8571428571      
       2577      |       17.8846153846      
       532      |       15.0      
       533      |       4.36842105263      
       534      |       16.5625      
       6233      |       21.8214285714      
       3154      |       34.6428571429      
       537      |       9.875      
       539      |       18.76      
       540      |       25.7142857143      
       2590      |       50.0      
       2592      |       42.6315789474      
       545      |       20.0      
       2596      |       24.7      
       553      |       15.6774193548      
       556      |       14.1176470588      
       2895      |       20.380952381      
       559      |       10.4285714286      
       2745      |       17.5      
       561      |       15.3666666667      
       2269      |       41.8965517241      
       2611      |       26.8      
       2612      |       20.0      
       2613      |       29.4047619048      
       2614      |       40.1      
       567      |       22.9310344828      
       2616      |       21.8571428571      
       6714      |       20.0      
       2620      |       28.8461538462      
       2826      |       26.3888888889      
       2622      |       27.5428571429      
       575      |       21.6842105263      
       577      |       48.0357142857      
       2131      |       41.6666666667      
       579      |       35.5172413793      
       580      |       18.4615384615      
       2629      |       16.09375      
       2630      |       33.9583333333      
       584      |       21.3333333333      
       585      |       19.3333333333      
       586      |       56.0      
       588      |       10.0454545455      
       2146      |       44.3333333333      
       590      |       20.3611111111      
       2639      |       11.125      
       593      |       20.0      
       596      |       20.9615384615      
       2646      |       55.4814814815      
       600      |       9.375      
       601      |       43.7878787879      
       603      |       15.0      
       604      |       30.6666666667      
       607      |       20.6756756757      
       608      |       18.0769230769      
       2832      |       21.6666666667      
       2659      |       30.7142857143      
       614      |       21.1071428571      
       617      |       20.8695652174      
       2666      |       15.0      
       3241      |       31.7222222222      
       6764      |       22.3333333333      
       2671      |       17.6315789474      
       625      |       18.8571428571      
       3291      |       18.8333333333      
       2676      |       14.2424242424      
       2677      |       10.625      
       2885      |       19.8518518519      
       2679      |       12.1875      
       2680      |       10.0833333333      
       2681      |       16.7096774194      
       2682      |       37.1428571429      
       2495      |       27.5609756098      
       639      |       19.0625      
       640      |       24.2580645161      
       2496      |       27.0      
       2350      |       30.0      
       2691      |       15.5714285714      
       644      |       23.7333333333      
       2693      |       15.0416666667      
       647      |       21.1388888889      
       649      |       36.0      
       650      |       18.9310344828      
       2699      |       20.0      
       2700      |       27.4666666667      
       6594      |       15.0      
       655      |       15.0      
       2705      |       15.0      
       658      |       19.8529411765      
       2499      |       19.2857142857      
       2897      |       15.0      
       2710      |       17.7083333333      
       2711      |       10.3658536585      
       665      |       15.5172413793      
       2714      |       13.0      
       3183      |       33.2222222222      
       668      |       17.1276595745      
       669      |       13.15      
       670      |       34.5833333333      
       671      |       21.8222222222      
       672      |       21.3157894737      
       675      |       10.0      
       678      |       15.0      
       2727      |       18.125      
       680      |       18.5      
       6825      |       15.8823529412      
       684      |       24.0384615385      
       685      |       26.1111111111      
       2734      |       26.0434782609      
       688      |       18.75      
       2737      |       29.0357142857      
       6024      |       40.0      
       2739      |       16.5384615385      
       692      |       16.4074074074      
       2741      |       19.4117647059      
       696      |       20.0      
       2164      |       0.9375      
       699      |       18.9473684211      
       6844      |       22.8333333333      
       701      |       21.53125      
       2751      |       20.28      
       2752      |       15.3529411765      
       706      |       20.9090909091      
       707      |       19.6666666667      
       2756      |       16.0      
       6853      |       15.6666666667      
       6033      |       37.5      
       711      |       16.4285714286      
       2615      |       25.3333333333      
       6434      |       30.0      
       2766      |       20.2307692308      
       719      |       17.3684210526      
       720      |       17.4705882353      
       2769      |       12.0      
       722      |       18.8095238095      
       2771      |       19.6818181818      
       6873      |       22.7142857143      
       2776      |       16.1666666667      
       729      |       16.0      
       6874      |       20.6451612903      
       2779      |       19.2631578947      
       2780      |       41.6666666667      
       736      |       11.9      
       737      |       19.2222222222      
       739      |       20.7446808511      
       2788      |       22.0833333333      
       741      |       28.5882352941      
       2790      |       17.3076923077      
       2792      |       19.5757575758      
       6435      |       30.0      
       2794      |       14.5652173913      
       747      |       16.6666666667      
       2796      |       10.0      
       2797      |       16.5      
       2798      |       18.0      
       751      |       20.1428571429      
       752      |       24.2857142857      
       753      |       32.875      
       755      |       23.4782608696      
       2805      |       10.9259259259      
       758      |       17.8260869565      
       2807      |       15.0      
       6904      |       19.6875      
       6905      |       22.1304347826      
       762      |       45.5      
       763      |       17.3333333333      
       3251      |       12.9545454545      
       766      |       12.125      
       2517      |       46.4705882353      
       2816      |       18.4090909091      
       2817      |       15.1724137931      
       772      |       22.8571428571      
       6614      |       17.8928571429      
       774      |       20.7142857143      
       2824      |       13.8      
       778      |       28.8888888889      
       6923      |       17.7777777778      
       6924      |       16.6      
       2830      |       20.462962963      
       2140      |       20.0      
       786      |       18.5333333333      
       787      |       23.0952380952      
       2836      |       57.5      
       789      |       20.7692307692      
       2521      |       33.4      
       2840      |       18.3684210526      
       2842      |       15.7692307692      
       795      |       23.6764705882      
       798      |       24.4838709677      
       2847      |       20.5666666667      
       2848      |       24.375      
       2851      |       19.9666666667      
       2852      |       19.1724137931      
       807      |       20.4651162791      
       2733      |       8.75      
       2209      |       37.8571428571      
       2858      |       21.05      
       2245      |       30.0      
       2861      |       8.875      
       2525      |       28.2352941176      
       3164      |       38.5      
       817      |       17.15      
       2867      |       18.8888888889      
       6964      |       20.0      
       6965      |       18.5882352941      
       822      |       16.5517241379      
       823      |       28.0909090909      
       824      |       41.5909090909      
       2874      |       19.9333333333      
       2875      |       17.375      
       828      |       16.4516129032      
       2235      |       22.2272727273      
       2878      |       21.1304347826      
       6975      |       15.4074074074      
       6624      |       10.5263157895      
       2882      |       13.2444444444      
       2884      |       23.5333333333      
       837      |       17.2608695652      
       2665      |       15.0      
       840      |       16.8918918919      
       6784      |       15.7619047619      
       2890      |       15.0      
       843      |       19.85      
       2892      |       18.2857142857      
       2856      |       16.375      
       847      |       13.2      
       848      |       14.2413793103      
       2872      |       13.5      
       2898      |       16.40625      
       851      |       15.0      
       854      |       10.825      
       2904      |       22.3333333333      
       857      |       20.0      
       858      |       29.5666666667      
       2907      |       22.6875      
       6785      |       14.1666666667      
       861      |       15.0      
       863      |       19.5652173913      
       3216      |       27.24      
       866      |       24.8275862069      
       2916      |       43.3333333333      
       869      |       23.6666666667      
       871      |       15.0      
       2921      |       20.0      
       874      |       19.4150943396      
       877      |       21.8181818182      
       878      |       20.0      
       2877      |       21.4545454545      
       3098      |       25.8333333333      
       2931      |       22.8      
       6974      |       15.5517241379      
       2689      |       15.0      
       889      |       15.125      
       890      |       16.7142857143      
       891      |       12.8571428571      
       892      |       20.9375      
       893      |       14.2105263158      
       894      |       17.1052631579      
       2943      |       42.2      
       896      |       35.0      
       898      |       16.5757575758      
       899      |       18.6842105263      
       2894      |       17.6086956522      
       901      |       16.9565217391      
       2541      |       29.1935483871      
       906      |       17.6785714286      
       6304      |       14.4642857143      
       909      |       14.25      
       2958      |       30.0      
       911      |       15.5405405405      
       915      |       15.0      
       6645      |       18.2647058824      
       917      |       25.7894736842      
       3225      |       23.48      
       2970      |       21.25      
       926      |       16.0869565217      
       927      |       15.7407407407      
       2544      |       28.5416666667      
       930      |       13.2972972973      
       931      |       21.1363636364      
       6305      |       15.8064516129      
       2982      |       25.0      
       2545      |       21.0      
       937      |       13.125      
       938      |       15.9047619048      
       2987      |       30.5384615385      
       3100      |       12.6923076923      
       943      |       16.8      
       2888      |       25.5555555556      
       947      |       18.6428571429      
       948      |       20.6129032258      
       2206      |       50.0      
       951      |       17.7272727273      
       2548      |       23.6666666667      
       3002      |       15.0      
       3231      |       11.75      
       956      |       22.1739130435      
       957      |       21.4411764706      
       3006      |       26.6666666667      
       3007      |       18.8333333333      
       960      |       18.0      
       3009      |       17.5      
       963      |       20.0      
       964      |       18.025      
       3013      |       15.9210526316      
       967      |       21.48      
       968      |       32.5      
       969      |       24.3023255814      
       973      |       19.8571428571      
       974      |       17.5      
       3024      |       15.0      
       2552      |       16.935483871      
       980      |       15.7037037037      
       981      |       19.9180327869      
       3306      |       26.5      
       2688      |       16.5909090909      
       987      |       20.2413793103      
       3036      |       16.5      
       990      |       13.75      
       2213      |       19.3846153846      
       992      |       17.0714285714      
       994      |       29.8      
       3043      |       15.0      
       997      |       16.1739130435      
       999      |       14.6      
       1000      |       19.5454545455      
       1003      |       19.0      
       1004      |       15.5      
       1005      |       19.4680851064      
       1006      |       14.7714285714      
       2557      |       30.5263157895      
       1008      |       11.4      
       1009      |       9.80769230769      
       3061      |       16.8636363636      
       3063      |       15.0      
       1016      |       15.0      
       2559      |       27.8571428571      
       3068      |       35.3703703704      
       1022      |       16.6666666667      
       3071      |       20.3333333333      
       1025      |       15.0      
       1026      |       45.0      
       1027      |       17.9705882353      
       2902      |       15.0      
       1030      |       24.9666666667      
       1031      |       17.9259259259      
       1032      |       18.9285714286      
       1033      |       18.5714285714      
       1034      |       18.9722222222      
       1037      |       18.5      
       1038      |       15.0769230769      
       1043      |       15.8620689655      
       6104      |       19.6774193548      
       3093      |       6.11111111111      
       1047      |       19.8571428571      
       1048      |       12.1666666667      
       1050      |       17.7027027027      
       3247      |       15.652173913      
       1052      |       15.0666666667      
       1053      |       12.5      
       1054      |       16.0952380952      
       1056      |       16.7169811321      
       3106      |       16.4705882353      
       1059      |       21.7666666667      
       3109      |       15.8      
       1062      |       16.0      
       1063      |       15.0      
       1064      |       12.1739130435      
       1065      |       13.85      
       1066      |       20.7575757576      
       2695      |       44.2941176471      
       1069      |       14.4722222222      
       6855      |       15.0      
       3411      |       19.4545454545      
       1072      |       19.4642857143      
       1073      |       15.0      
       1074      |       15.0      
       1075      |       13.2      
       1078      |       22.3684210526      
       1079      |       14.375      
       1080      |       18.3      
       1081      |       16.8      
       1083      |       22.9166666667      
       1085      |       16.6666666667      
       3135      |       20.0      
       3137      |       16.0666666667      
       1091      |       20.2173913043      
       3141      |       48.0      
       3185      |       21.2222222222      
       1097      |       19.6785714286      
       1098      |       18.5714285714      
       3255      |       44.5454545455      
       2914      |       12.9230769231      
       2573      |       30.25      
       3152      |       38.0769230769      
       1106      |       20.7894736842      
       1107      |       20.2173913043      
       3156      |       20.7692307692      
       6363      |       20.9090909091      
       1111      |       50.4545454545      
       3375      |       24.2631578947      
       3163      |       28.8333333333      
       1116      |       17.2272727273      
       1118      |       16.25      
       1119      |       18.3888888889      
       3168      |       29.8095238095      
       1121      |       15.0      
       1122      |       12.9285714286      
       1123      |       20.2105263158      
       1124      |       30.8333333333      
       1126      |       12.2222222222      
       3176      |       54.5454545455      
       3177      |       41.7647058824      
       7015      |       22.1428571429      
       6595      |       15.0      
       1134      |       23.1428571429      
       1135      |       15.0      
       1136      |       40.0      
       1137      |       13.6363636364      
       3187      |       16.3636363636      
       1140      |       27.1935483871      
       1141      |       20.5      
       1143      |       30.9090909091      
       3192      |       26.6666666667      
       1145      |       20.4545454545      
       1146      |       12.6315789474      
       1147      |       27.2777777778      
       6994      |       15.1111111111      
       3198      |       28.7391304348      
       1151      |       15.0      
       1152      |       14.1666666667      
       1153      |       9.10714285714      
       1154      |       16.3333333333      
       1156      |       15.7692307692      
       2582      |       28.4545454545      
       1158      |       18.4782608696      
       3209      |       36.0      
       3210      |       37.0      
       3332      |       25.5      
       1164      |       19.6428571429      
       1165      |       21.6666666667      
       3214      |       14.75      
       3215      |       31.0540540541      
       1168      |       19.8888888889      
       3217      |       21.0526315789      
       3221      |       30.0      
       6725      |       15.0      
       2244      |       24.96      
       2927      |       23.962962963      
       1183      |       14.2307692308      
       1186      |       20.8421052632      
       2587      |       60.0      
       3238      |       15.8571428571      
       2588      |       37.275862069      
       3242      |       43.4545454545      
       3243      |       18.5365853659      
       1197      |       24.2857142857      
       1199      |       15.3571428571      
       1201      |       20.25      
       1202      |       27.6956521739      
       1203      |       16.875      
       3254      |       27.8571428571      
       1207      |       19.4285714286      
       1209      |       17.5      
       1211      |       19.3529411765      
       2768      |       8.0      
       1213      |       23.2380952381      
       3268      |       16.6666666667      
       1221      |       15.5      
       1223      |       20.4166666667      
       6343      |       15.0      
       1225      |       26.2272727273      
       3274      |       21.4285714286      
       3275      |       13.3928571429      
       3276      |       26.0714285714      
       3278      |       20.3333333333      
       6383      |       18.9230769231      
       2936      |       43.75      
       1234      |       20.0      
       1237      |       15.9166666667      
       1238      |       14.1666666667      
       2937      |       20.1515151515      
       1240      |       31.8181818182      
       3290      |       21.0      
       1243      |       21.9642857143      
       1244      |       21.375      
       1245      |       36.0      
       1247      |       19.8837209302      
       1248      |       23.68      
       1250      |       26.0      
       7035      |       17.5      
       3300      |       16.875      
       1254      |       28.3333333333      
       1256      |       15.0      
       2940      |       34.0      
       2736      |       24.3333333333      
       1259      |       21.4285714286      
       1260      |       29.7222222222      
       1261      |       28.275862069      
       3310      |       25.0      
       1263      |       19.2857142857      
       3312      |       21.9230769231      
       1265      |       12.9166666667      
       1267      |       20.0      
       1269      |       21.8      
       2429      |       37.4375      
       1281      |       25.0      
       1283      |       12.8260869565      
       2634      |       8.46153846154      
       3286      |       52.1666666667      
       1288      |       10.0      
       1289      |       16.5      
       1291      |       16.5714285714      
       3340      |       40.0      
       2946      |       61.6956521739      
       2839      |       36.8181818182      
       3346      |       33.75      
       2947      |       44.3333333333      
       1300      |       13.303030303      
       1303      |       31.4705882353      
       1304      |       9.5      
       3353      |       27.2727272727      
       2607      |       48.0      
       1308      |       15.0      
       3385      |       22.1621621622      
       6863      |       15.0      
       1311      |       16.2916666667      
       1312      |       18.8709677419      
       1313      |       18.4848484848      
       1315      |       18.1785714286      
       3234      |       15.0      
       1317      |       17.6578947368      
       2941      |       25.0      
       3347      |       24.8333333333      
       1321      |       19.6296296296      
       3370      |       20.8928571429      
       1323      |       15.3846153846      
       3372      |       23.2258064516      
       1327      |       15.0      
       1328      |       18.75      
       1329      |       14.0476190476      
       1330      |       15.0      
       3379      |       30.0      
       3380      |       45.0      
       3381      |       43.75      
       1335      |       14.4      
       1336      |       16.1428571429      
       1337      |       16.6666666667      
       6864      |       16.5625      
       3389      |       30.0625      
       3390      |       23.3793103448      
       1343      |       14.6153846154      
       1345      |       13.7727272727      
       3397      |       25.1851851852      
       3250      |       30.0      
       1355      |       22.5      
       1356      |       26.15      
       1357      |       20.6666666667      
       3406      |       32.5      
       1359      |       18.6842105263      
       1360      |       19.1428571429      
       3409      |       21.6764705882      
       1362      |       20.875      
       1363      |       15.0      
       1366      |       17.0      
       1370      |       22.2941176471      
       2959      |       38.0769230769      
       1372      |       16.0      
       1373      |       9.28571428571      
       1374      |       14.0      
       2277      |       50.0      
       6783      |       15.0      
       1377      |       39.8888888889      
       1379      |       18.1818181818      
       1380      |       15.8823529412      
       1381      |       38.5652173913      
       1383      |       38.1739130435      
       6433      |       30.0      
       1387      |       22.5      
       2092      |       18.652173913      
       2205      |       39.1282051282      
       1397      |       16.8333333333      
       1401      |       12.3076923077      
       1402      |       9.13793103448      
       2623      |       22.8571428571      
       1404      |       19.0666666667      
       1405      |       19.3913043478      
       1407      |       16.4583333333      
       1409      |       19.76      
       1410      |       17.8125      
       1411      |       18.8055555556      
       1415      |       13.7826086957      
       1418      |       24.36      
       1420      |       18.5714285714      
       3116      |       1.25      
       1425      |       17.5      
       1426      |       15.1785714286      
       2627      |       30.0      
       1431      |       14.0454545455      
       6724      |       15.0      
       1435      |       20.0      
       1436      |       21.2142857143      
       1437      |       34.0588235294      
       1438      |       20.0      
       1439      |       16.8076923077      
       1443      |       27.2727272727      
       6423      |       17.7666666667      
       1446      |       16.4285714286      
       1447      |       19.4594594595      
       1448      |       20.68      
       1449      |       27.1428571429      
       1450      |       24.5714285714      
       1451      |       19.25      
       1453      |       30.0      
       1454      |       21.3103448276      
       1455      |       25.625      
       1456      |       21.3333333333      
       2632      |       33.9583333333      
       1460      |       30.0      
       1461      |       31.3235294118      
       1462      |       20.0      
       1465      |       20.7142857143      
       1467      |       14.68      
       1469      |       7.76923076923      
       1472      |       19.2857142857      
       1473      |       26.875      
       1477      |       22.0      
       1478      |       21.7142857143      
       1480      |       15.0      
       1481      |       33.1578947368      
       1482      |       23.5294117647      
       1483      |       21.6666666667      
       1486      |       16.935483871      
       3120      |       12.5      
       1492      |       17.1176470588      
       2638      |       14.875      
       2641      |       19.5384615385      
       1495      |       16.6666666667      
       6735      |       13.7096774194      
       6993      |       10.03125      
       1502      |       16.8333333333      
       6053      |       23.3846153846      
       1504      |       16.25      
       1505      |       15.0      
       1511      |       11.4285714286      
       7034      |       17.8125      
       1513      |       18.8695652174      
       1514      |       19.8      
       1517      |       7.21621621622      
       1518      |       18.125      
       1519      |       14.4736842105      
       1520      |       16.5769230769      
       1522      |       18.3928571429      
       1526      |       15.2105263158      
       1528      |       4.61538461538      
       1530      |       10.9677419355      
       6734      |       13.0      
       1538      |       15.4137931034      
       1539      |       11.0714285714      
       1542      |       23.7142857143      
       1543      |       15.0      
       1545      |       19.3548387097      
       1548      |       11.5151515152      
       1552      |       26.1111111111      
       1554      |       22.8148148148      
       1555      |       12.25      
       1556      |       42.6666666667      
       1559      |       17.25      
       3257      |       25.375      
       3189      |       8.75      
       1568      |       19.5652173913      
       1571      |       14.7804878049      
       1575      |       17.6956521739      
       1576      |       19.4848484848      
       2652      |       17.1923076923      
       1578      |       15.4693877551      
       1579      |       22.2222222222      
       1581      |       13.0      
       1582      |       19.4871794872      
       2312      |       37.1875      
       1588      |       17.0833333333      
       1589      |       11.25      
       1592      |       19.5217391304      
       1594      |       12.125      
       1596      |       11.0869565217      
       6445      |       21.3461538462      
       1598      |       23.6956521739      
       1599      |       19.7692307692      
       1600      |       11.8571428571      
       1603      |       18.3846153846      
       6483      |       15.8333333333      
       3410      |       20.9090909091      
       1607      |       24.7368421053      
       1610      |       17.9545454545      
       2999      |       17.0      
       1612      |       29.0      
       1614      |       37.5      
       1622      |       13.9285714286      
       1624      |       24.5454545455      
       1625      |       16.4761904762      
       1626      |       12.5      
       1627      |       17.9090909091      
       1631      |       20.2857142857      
       6023      |       25.2272727273      
       1635      |       39.5      
       6533      |       15.2777777778      
       3004      |       17.5862068966      
       6465      |       25.2631578947      
       3260      |       23.2916666667      
       1652      |       29.4444444444      
       1653      |       25.2631578947      
       6503      |       24.7      
       1655      |       16.6071428571      
       1657      |       10.0      
       1659      |       24.5      
       1663      |       24.34375      
       1664      |       16.6666666667      
       1665      |       16.935483871      
       1669      |       23.8571428571      
       1670      |       25.0      
       1672      |       45.0      
       1673      |       17.4      
       1674      |       13.2352941176      
       1675      |       27.5416666667      
       1676      |       23.0740740741      
       1677      |       26.6666666667      
       1680      |       30.6896551724      
       6424      |       20.75      
       1682      |       15.8      
       6083      |       23.25      
       1685      |       15.0      
       1687      |       20.6      
       1688      |       16.3953488372      
       3012      |       12.9444444444      
       1692      |       28.4761904762      
       6603      |       15.0      
       1695      |       27.8695652174      
       1697      |       28.4583333333      
       1698      |       19.3571428571      
       1699      |       28.9285714286      
       1700      |       25.0      
       2673      |       8.51063829787      
       1705      |       30.75      
       1706      |       38.9655172414      
       3015      |       24.1666666667      
       2333      |       47.5      
       1713      |       16.2      
       1716      |       17.1428571429      
       2334      |       50.0      
       1718      |       15.0      
       1719      |       17.2666666667      
       1720      |       12.7333333333      
       1723      |       26.6666666667      
       1724      |       16.9411764706      
       1725      |       18.0      
       1732      |       20.7931034483      
       1733      |       27.5555555556      
       2649      |       44.375      
       3302      |       20.6363636364      
       6535      |       14.5833333333      
       1738      |       15.0      
       1739      |       16.1538461538      
       2581      |       31.4444444444      
       1741      |       5.83333333333      
       3021      |       15.5      
       1744      |       31.3333333333      
       1746      |       26.7647058824      
       1747      |       16.6      
       1748      |       22.0625      
       1750      |       36.8421052632      
       1753      |       24.1304347826      
       1754      |       18.6896551724      
       6095      |       23.3333333333      
       6313      |       16.6666666667      
       1762      |       25.4166666667      
       1763      |       15.0      
       1765      |       18.9487179487      
       1766      |       24.0      
       1768      |       22.652173913      
       1773      |       14.8620689655      
       1775      |       24.9411764706      
       2855      |       16.5151515152      
       1778      |       11.9230769231      
       1781      |       24.696969697      
       1782      |       17.5      
       1787      |       15.8611111111      
       1792      |       20.625      
       1793      |       37.0      
       6443      |       15.0      
       1796      |       27.3076923077      
       1798      |       25.4545454545      
       1799      |       20.0      
       6444      |       18.3      
       1804      |       23.1333333333      
       1805      |       19.8636363636      
       1806      |       21.0      
       1807      |       50.4      
       1808      |       37.0      
       1809      |       19.5454545455      
       1811      |       30.8333333333      
       1813      |       12.8571428571      
       1814      |       19.4814814815      
       2351      |       30.8235294118      
       1820      |       19.1290322581      
       6653      |       0.0      
       1826      |       28.59375      
       1829      |       6.97368421053      
       1834      |       24.4333333333      
       1835      |       20.0238095238      
       2857      |       15.8333333333      
       1839      |       15.0      
       1846      |       23.6956521739      
       6793      |       14.6153846154      
       1848      |       9.73076923077      
       6043      |       28.9130434783      
       1850      |       21.0      
       1851      |       32.5      
       1852      |       15.5      
       6794      |       13.8846153846      
       1858      |       16.265625      
       1860      |       18.2692307692      
       1861      |       13.9090909091      
       1862      |       14.7575757576      
       1864      |       18.2894736842      
       1865      |       14.4      
       3383      |       22.3529411765      
       1869      |       13.0769230769      
       1870      |       25.3333333333      
       1871      |       18.1578947368      
       2360      |       28.8888888889      
       1876      |       12.28125      
       1877      |       14.6428571429      
       1879      |       18.5897435897      
       1880      |       10.7894736842      
       1881      |       11.3043478261      
       1882      |       15.1212121212      
       1883      |       12.4571428571      
       1885      |       17.0384615385      
       6473      |       14.6428571429      
       1887      |       8.0      
       1890      |       14.8709677419      
       2363      |       0.0      
       1894      |       10.1612903226      
       1897      |       11.0606060606      
       1898      |       9.21428571429      
       3047      |       23.1428571429      
       1902      |       18.3333333333      
       1904      |       18.9534883721      
       1905      |       16.0869565217      
       6803      |       11.25      
       1908      |       12.7083333333      
       1910      |       18.3928571429      
       1913      |       26.4583333333      
       6463      |       21.75      
       1916      |       23.3636363636      
       6014      |       20.5263157895      
       6015      |       18.8571428571      
       1920      |       14.2647058824      
       2368      |       51.25      
       3269      |       17.1875      
       1923      |       25.75      
       1924      |       17.5      
       3393      |       25.4      
       1928      |       20.6      
       1929      |       12.46875      
       1932      |       33.0555555556      
       1933      |       14.5      
       1934      |       13.5      
       6125      |       20.1052631579      
       1936      |       34.1666666667      
       1937      |       11.8518518519      
       6034      |       43.3333333333      
       1939      |       15.1290322581      
       1940      |       22.6470588235      
       1942      |       25.6666666667      
       2713      |       15.0      
       1944      |       10.0      
       6475      |       15.2941176471      
       1947      |       27.5714285714      
       1949      |       23.28125      
       1950      |       21.75      
       2386      |       36.5      
       1952      |       20.1612903226      
       3056      |       20.3333333333      
       1955      |       16.0869565217      
       1956      |       18.3333333333      
       1957      |       20.0      
       1958      |       16.0416666667      
       3057      |       25.92      
       2716      |       10.0      
       1962      |       30.0      
       1964      |       20.0      
       2717      |       18.5625      
       1968      |       22.8      
       1972      |       23.4615384615      
       2718      |       12.2727272727      
       1974      |       30.0      
       1975      |       16.2352941176      
       1976      |       25.5952380952      
       6073      |       21.5473684211      
       2719      |       12.9166666667      
       1981      |       14.2173913043      
       1982      |       14.8611111111      
       1983      |       25.7619047619      
       2720      |       19.1607142857      
       1986      |       13.3333333333      
       3403      |       23.1388888889      
       6084      |       25.0357142857      
       1991      |       10.5263157895      
       6954      |       16.3181818182      
       6093      |       22.2972972973      
       3405      |       17.0930232558      
       2000      |       0.0      
       2001      |       12.25      
       2002      |       15.1515151515      
       2003      |       0.0      
       2007      |       15.6875      
       2008      |       15.0      
       2010      |       18.34375      
       2011      |       19.0909090909      
       2012      |       23.75      
       2015      |       18.4722222222      
       3067      |       23.2432432432      
       2022      |       18.75      
       2023      |       27.24      
       2024      |       21.9705882353      
       6684      |       18.9210526316      
       6123      |       21.8      
       2028      |       17.6857142857      
       2029      |       22.8529411765      
       2728      |       7.95454545455      
       2034      |       19.6      
       2035      |       15.625      
       2040      |       27.4242424242      
       2041      |       21.0476190476      
       2043      |       20.5      
       2044      |       15.0      
       2046      |       24.3076923077      
       2047      |       11.3548387097      
