FeatureValue   |   Average TimeWithMD
       0      |       20.5724330222      
       1      |       22.3953488372      
       2      |       18.9259259259      
       4099      |       21.9736842105      
       4      |       21.1715686275      
       4102      |       22.1538461538      
       7      |       27.0      
       4105      |       20.6834862385      
       10      |       17.5      
       11      |       20.1058201058      
       12      |       19.724137931      
       4109      |       17.90625      
       14      |       16.0      
       15      |       19.056980057      
       16      |       22.9090909091      
       4113      |       20.8534482759      
       18      |       19.6923076923      
       19      |       19.572327044      
       20      |       21.0      
       21      |       19.8571428571      
       22      |       19.1739130435      
       23      |       21.6129032258      
       24      |       20.4444444444      
       4121      |       17.3235294118      
       27      |       22.7692307692      
       28      |       32.0      
       4125      |       17.2142857143      
       30      |       15.0      
       10271      |       15.0      
       32      |       23.3829787234      
       4784      |       21.8333333333      
       55330      |       20.8823529412      
       37      |       18.2441860465      
       4134      |       30.0      
       39      |       14.5698924731      
       40      |       22.5      
       41      |       13.75      
       42      |       15.0      
       43      |       16.6363636364      
       44      |       20.0      
       45      |       21.7260273973      
       46      |       26.9069767442      
       47      |       13.0      
       48      |       21.9268292683      
       49      |       18.6708333333      
       50      |       22.8620689655      
       51      |       19.7941176471      
       52      |       19.925      
       55      |       11.6666666667      
       56      |       17.2258064516      
       4788      |       15.625      
       58      |       21.5675675676      
       59      |       23.5142857143      
       4156      |       22.2105263158      
       61      |       24.4      
       4160      |       25.0      
       352      |       21.0      
       53315      |       20.3333333333      
       69      |       14.7      
       70      |       18.4311926606      
       71      |       16.265625      
       72      |       25.6666666667      
       73      |       17.7142857143      
       4172      |       19.0      
       78      |       20.0      
       13      |       17.2      
       80      |       17.2857142857      
       81      |       30.5      
       82      |       40.0      
       83      |       31.3      
       84      |       17.8275862069      
       86      |       9.0      
       87      |       32.0      
       88      |       17.6634382567      
       89      |       17.1764705882      
       91      |       16.7582781457      
       93      |       35.0      
       95      |       17.6666666667      
       96      |       18.3913043478      
       97      |       16.962962963      
       98      |       21.3333333333      
       100      |       16.625      
       101      |       20.0      
       102      |       19.0434782609      
       103      |       16.5428571429      
       105      |       42.0      
       108      |       18.6136363636      
       109      |       21.5384615385      
       110      |       18.7962962963      
       112      |       18.5074626866      
       114      |       15.380952381      
       4115      |       25.1666666667      
       116      |       22.7586206897      
       117      |       16.3333333333      
       118      |       24.5      
       4215      |       26.0769230769      
       4747      |       20.6956521739      
       122      |       20.0      
       4219      |       15.0      
       124      |       17.3521126761      
       125      |       17.6      
       4222      |       20.2727272727      
       4223      |       23.0864197531      
       1027      |       20.1666666667      
       4225      |       7.0      
       131      |       19.0      
       132      |       28.875      
       133      |       18.0      
       134      |       20.3501805054      
       135      |       0.0      
       136      |       20.0      
       4233      |       22.9285714286      
       138      |       17.4      
       139      |       14.9642857143      
       140      |       15.6315789474      
       141      |       21.0285714286      
       142      |       15.3333333333      
       143      |       27.243902439      
       144      |       26.4838709677      
       10385      |       21.2      
       146      |       22.8051948052      
       10916      |       20.0      
       148      |       23.0714285714      
       4245      |       22.1111111111      
       150      |       22.8181818182      
       25      |       35.1290322581      
       153      |       25.0      
       154      |       25.0      
       128      |       15.0      
       4253      |       20.0      
       4255      |       21.0833333333      
       4256      |       15.8358208955      
       161      |       24.0      
       4258      |       20.5187969925      
       11291      |       0.0      
       4260      |       15.0      
       4261      |       17.5555555556      
       168      |       20.9308176101      
       169      |       17.1153846154      
       170      |       21.1514018692      
       4267      |       18.5      
       1133      |       25.4      
       4270      |       19.125      
       4271      |       15.8333333333      
       4272      |       20.0      
       177      |       10.0      
       178      |       15.0      
       179      |       21.8      
       4276      |       19.6666666667      
       181      |       31.4197530864      
       182      |       20.0      
       4279      |       18.1666666667      
       184      |       14.5      
       185      |       22.0      
       186      |       15.0      
       4283      |       18.6350364964      
       4284      |       21.05      
       189      |       17.5      
       4286      |       20.0952380952      
       3445      |       23.0      
       192      |       21.875      
       4289      |       21.4823529412      
       4811      |       27.2222222222      
       4292      |       11.8333333333      
       4293      |       21.5294117647      
       4294      |       22.5      
       33      |       13.3333333333      
       6860      |       22.3888888889      
       10442      |       27.0      
       4299      |       17.9230769231      
       4300      |       19.0909090909      
       4301      |       23.3333333333      
       206      |       21.9090909091      
       207      |       17.6666666667      
       2376      |       23.0      
       209      |       28.5      
       210      |       21.7857142857      
       59603      |       21.4285714286      
       212      |       19.5507246377      
       10453      |       37.1111111111      
       214      |       21.0      
       70009      |       16.9545454545      
       217      |       28.8888888889      
       218      |       32.6      
       59611      |       20.0      
       220      |       18.4444444444      
       223      |       24.2      
       4322      |       13.75      
       4323      |       10.0      
       230      |       25.0      
       231      |       19.0      
       4328      |       21.8888888889      
       233      |       21.0      
       234      |       23.75      
       235      |       25.3043478261      
       236      |       28.4655172414      
       237      |       20.0      
       239      |       15.0      
       241      |       20.1363636364      
       242      |       20.2      
       4819      |       37.8888888889      
       245      |       22.6666666667      
       246      |       21.619047619      
       248      |       19.2      
       4820      |       16.6666666667      
       3455      |       20.5333333333      
       252      |       20.5      
       253      |       19.9447852761      
       4441      |       12.5      
       255      |       18.2666666667      
       213      |       20.0      
       259      |       21.0      
       10500      |       11.5      
       4357      |       25.1764705882      
       262      |       22.7236842105      
       265      |       25.5454545455      
       4363      |       10.0      
       4364      |       21.7142857143      
       4365      |       16.7272727273      
       270      |       15.0      
       56740      |       31.4      
       728      |       18.1621621622      
       3459      |       25.625      
       9      |       10.0      
       277      |       20.0      
       278      |       20.8558823529      
       4375      |       17.5      
       280      |       19.5384615385      
       4378      |       23.3333333333      
       8239      |       20.0      
       284      |       16.0149253731      
       285      |       22.5      
       4382      |       24.1666666667      
       287      |       29.0      
       288      |       30.0      
       290      |       14.1428571429      
       4387      |       17.5      
       293      |       20.5922330097      
       4145      |       27.7777777778      
       10536      |       15.0      
       298      |       18.8571428571      
       4395      |       15.8709677419      
       301      |       30.6      
       4399      |       17.1388888889      
       305      |       30.0      
       306      |       30.0      
       308      |       21.652173913      
       4871      |       25.3333333333      
       310      |       24.5833333333      
       312      |       25.0      
       313      |       31.6666666667      
       314      |       22.0      
       4411      |       15.0      
       316      |       17.5      
       1135      |       45.0      
       4416      |       20.0      
       321      |       20.2285714286      
       4418      |       22.2      
       4420      |       14.5714285714      
       325      |       21.1606217617      
       328      |       18.1627906977      
       329      |       21.6025641026      
       79      |       25.0      
       4427      |       16.0      
       332      |       25.0      
       4429      |       17.5      
       336      |       31.5      
       337      |       10.5      
       4434      |       17.3333333333      
       4835      |       20.7142857143      
       340      |       17.1666666667      
       343      |       18.8      
       345      |       22.5625      
       346      |       16.125      
       1423      |       14.2857142857      
       348      |       21.4255319149      
       4445      |       15.0      
       350      |       20.3823529412      
       4448      |       19.1      
       3371      |       17.5      
       4450      |       15.0      
       355      |       17.2      
       4452      |       41.6666666667      
       10597      |       15.0      
       358      |       24.5      
       3473      |       29.7173913043      
       360      |       26.0      
       361      |       30.0      
       363      |       16.6363636364      
       365      |       22.2142857143      
       4462      |       15.7142857143      
       370      |       25.0      
       371      |       22.3125      
       373      |       21.8846153846      
       377      |       17.5      
       70010      |       60.0      
       379      |       24.7142857143      
       381      |       24.2195121951      
       7298      |       8.6      
       384      |       24.0      
       10625      |       15.0      
       386      |       19.4482758621      
       389      |       12.5      
       4487      |       20.0      
       395      |       26.6862745098      
       396      |       21.8181818182      
       397      |       14.3333333333      
       4497      |       21.9230769231      
       3423      |       18.8780487805      
       4499      |       24.7704918033      
       4500      |       20.8192771084      
       405      |       27.5      
       4503      |       15.0      
       3355      |       20.0      
       11332      |       17.6842105263      
       1241      |       17.4      
       412      |       22.5714285714      
       413      |       19.0      
       4513      |       28.0434782609      
       4514      |       21.7358490566      
       10660      |       10.0      
       6214      |       28.3333333333      
       4519      |       20.0      
       10664      |       18.1666666667      
       425      |       21.0833333333      
       426      |       23.6      
       4523      |       20.0      
       4509      |       19.5      
       4168      |       15.0      
       755      |       12.75      
       4532      |       21.4754098361      
       438      |       24.1071428571      
       439      |       15.0      
       1242      |       13.0      
       4537      |       24.2352941176      
       4538      |       23.1132075472      
       4539      |       15.0      
       4311      |       24.0833333333      
       10687      |       30.0      
       4547      |       15.0      
       4855      |       28.75      
       10701      |       20.0      
       10704      |       30.0      
       5471      |       30.0      
       468      |       15.0      
       4380      |       19.9166666667      
       10995      |       27.5      
       3492      |       11.6      
       3289      |       20.0      
       10715      |       22.5      
       4572      |       24.75      
       10927      |       15.0      
       3      |       21.0      
       10726      |       16.2857142857      
       488      |       60.0      
       6635      |       21.6      
       4108      |       15.0      
       4504      |       30.25      
       496      |       50.0      
       497      |       20.9516129032      
       1217      |       22.5      
       4597      |       34.0      
       3623      |       23.0      
       10324      |       15.0      
       7382      |       17.5      
       513      |       29.6666666667      
       4611      |       20.1428571429      
       17      |       25.5      
       6662      |       21.2222222222      
       6663      |       25.6666666667      
       6665      |       16.0      
       11351      |       27.0      
       524      |       24.2857142857      
       525      |       20.0      
       528      |       25.0      
       53778      |       17.0      
       8201      |       5.0      
       10588      |       15.0      
       537      |       24.34      
       4527      |       24.0      
       51740      |       30.0      
       541      |       21.1754385965      
       543      |       30.0      
       550      |       23.3333333333      
       555      |       14.7647058824      
       557      |       22.6923076923      
       558      |       15.2894736842      
       6      |       16.6666666667      
       3848      |       10.0      
       563      |       18.8245614035      
       5338      |       19.4      
       569      |       20.0      
       570      |       15.0      
       70204      |       4.0      
       6720      |       24.7142857143      
       4192      |       15.0      
       4674      |       20.1692307692      
       4675      |       20.0      
       5543      |       12.5      
       583      |       14.4      
       4111      |       24.0833333333      
       4685      |       30.0      
       10680      |       30.0      
       10834      |       22.5      
       3171      |       60.0      
       7453      |       12.6666666667      
       598      |       24.6666666667      
       4695      |       15.7142857143      
       10327      |       29.0      
       4697      |       24.8888888889      
       4700      |       27.5      
       5612      |       14.75      
       4703      |       14.1666666667      
       608      |       20.0      
       609      |       20.1111111111      
       4708      |       20.4375      
       4112      |       37.0      
       10001      |       10.0      
       10856      |       25.0      
       10857      |       30.0      
       620      |       16.2289156627      
       4719      |       15.0      
       10864      |       15.0      
       4722      |       24.0      
       11027      |       18.0      
       11273      |       15.0      
       4725      |       18.3333333333      
       4726      |       21.5      
       4727      |       20.0      
       11615      |       15.0      
       10455      |       23.0      
       4737      |       25.6666666667      
       4739      |       23.6666666667      
       4740      |       20.1428571429      
       790      |       34.1666666667      
       4742      |       17.75      
       4743      |       12.5      
       10890      |       15.0      
       651      |       22.5      
       4748      |       15.0      
       4749      |       20.412371134      
       4750      |       26.3333333333      
       655      |       23.25      
       10897      |       18.0      
       4754      |       17.5217391304      
       10900      |       15.0      
       4758      |       17.0      
       4760      |       18.8163265306      
       10907      |       15.0      
       4764      |       23.0      
       4766      |       23.0      
       11717      |       15.0      
       4208      |       23.0      
       4114      |       19.0      
       4771      |       19.0909090909      
       4772      |       15.0      
       4773      |       22.125      
       4774      |       10.0      
       227      |       40.0      
       4777      |       24.1764705882      
       4779      |       18.5      
       4893      |       17.7142857143      
       10928      |       21.0      
       689      |       20.1893491124      
       115      |       41.25      
       53940      |       18.1475409836      
       4790      |       21.6666666667      
       695      |       15.0      
       6842      |       22.75      
       699      |       31.0476190476      
       4797      |       18.0952380952      
       4798      |       15.0      
       296      |       12.5      
       704      |       15.0      
       4801      |       21.6440677966      
       5101      |       0.0      
       6851      |       11.8888888889      
       709      |       22.0      
       119      |       15.0      
       4812      |       25.40625      
       70480      |       30.0      
       10962      |       22.5      
       6867      |       12.5      
       11549      |       28.5      
       726      |       17.8571428571      
       10968      |       17.0      
       4825      |       29.0175438596      
       730      |       22.6756756757      
       4827      |       30.4      
       732      |       20.262755102      
       4829      |       23.04      
       805      |       50.0      
       10978      |       23.5      
       123      |       11.6842105263      
       4836      |       14.7272727273      
       743      |       15.0      
       744      |       33.6666666667      
       4220      |       27.4166666667      
       746      |       20.3021582734      
       10988      |       40.0      
       749      |       19.9173789174      
       4221      |       45.0      
       752      |       50.0      
       4849      |       21.2857142857      
       4851      |       22.0843373494      
       3162      |       10.0      
       366      |       24.0      
       5856      |       26.0      
       6905      |       23.4444444444      
       127      |       18.2      
       4117      |       18.75      
       4799      |       15.0      
       5366      |       11.0      
       54015      |       20.0      
       11008      |       26.85      
       769      |       20.3571428571      
       771      |       22.0      
       772      |       15.5      
       773      |       15.0      
       129      |       16.25      
       4877      |       23.8571428571      
       4878      |       14.3333333333      
       785      |       14.3333333333      
       787      |       19.4444444444      
       4884      |       20.0      
       11030      |       20.6666666667      
       4888      |       22.2727272727      
       11396      |       10.2941176471      
       4118      |       15.0      
       4459      |       5.0      
       796      |       13.25      
       797      |       17.6444444444      
       4896      |       17.5757575758      
       11041      |       16.5641025641      
       11042      |       19.5      
       4899      |       20.0      
       804      |       25.375      
       1158      |       18.652173913      
       806      |       19.3928571429      
       807      |       15.0      
       809      |       13.3333333333      
       810      |       17.8571428571      
       813      |       25.0      
       817      |       22.1428571429      
       4915      |       22.5      
       9012      |       25.0      
       137      |       25.0      
       824      |       16.0      
       4234      |       12.0      
       833      |       24.5      
       164      |       20.0      
       838      |       15.0      
       4935      |       15.0      
       840      |       31.6666666667      
       52023      |       20.0      
       848      |       20.5128205128      
       4920      |       23.5      
       851      |       26.5384615385      
       70484      |       60.0      
       3214      |       16.4      
       4461      |       21.5      
       11285      |       15.0      
       7001      |       20.0      
       7002      |       20.0      
       859      |       22.05      
       6848      |       36.6666666667      
       862      |       40.0      
       867      |       18.4074074074      
       71065      |       15.0      
       145      |       28.75      
       11114      |       0.0      
       29      |       17.5      
       4242      |       17.5      
       10463      |       0.0      
       880      |       23.1458333333      
       147      |       11.25      
       884      |       20.0      
       71021      |       10.0      
       11129      |       17.0      
       11130      |       27.0      
       7658      |       25.0      
       11134      |       20.0      
       149      |       23.8351648352      
       896      |       25.0      
       1189      |       10.0      
       898      |       30.0      
       899      |       45.0      
       900      |       25.6545454545      
       4929      |       15.0      
       4534      |       15.0      
       7660      |       20.0      
       7050      |       15.0      
       907      |       25.1052631579      
       910      |       21.5      
       7057      |       21.0      
       11154      |       15.0      
       11157      |       19.0      
       7371      |       20.5      
       6297      |       23.3333333333      
       11163      |       17.1428571429      
       11166      |       14.4230769231      
       9119      |       20.0      
       7073      |       21.875      
       6032      |       15.0      
       7075      |       28.0      
       7396      |       20.0      
       934      |       10.0      
       9128      |       20.0      
       3825      |       15.0      
       10249      |       0.0      
       11185      |       10.0      
       5044      |       15.8      
       577      |       15.0      
       5048      |       19.75      
       5049      |       1.0      
       10399      |       15.0      
       9148      |       15.0      
       3007      |       19.3783783784      
       960      |       22.3125      
       962      |       12.0      
       963      |       18.9807692308      
       964      |       16.0      
       965      |       22.5333333333      
       966      |       13.3333333333      
       967      |       24.6666666667      
       7113      |       25.1875      
       970      |       21.6666666667      
       70607      |       10.0      
       976      |       43.0      
       977      |       50.0      
       1187      |       45.0      
       985      |       20.4285714286      
       7130      |       21.0      
       10603      |       25.0      
       988      |       15.0      
       11429      |       16.5      
       992      |       15.0      
       3041      |       32.4285714286      
       3170      |       25.0      
       999      |       24.5294117647      
       3050      |       18.42      
       11431      |       20.5      
       3052      |       22.2916666667      
       1005      |       15.0      
       11286      |       33.2      
       1008      |       30.0      
       1013      |       20.0      
       1014      |       20.0      
       1015      |       13.5      
       3370      |       25.0      
       1017      |       16.8      
       1018      |       24.0      
       11259      |       28.5      
       1021      |       17.8260869565      
       1023      |       16.7777777778      
       1024      |       17.9166666667      
       1025      |       21.0      
       1026      |       15.0      
       3075      |       28.0806451613      
       3280      |       15.0      
       11271      |       36.0      
       4453      |       25.0      
       11436      |       30.0      
       855      |       30.0      
       34      |       26.6666666667      
       174      |       23.625      
       512      |       23.5833333333      
       4331      |       27.5      
       56345      |       21.5      
       3098      |       15.0      
       175      |       19.0      
       7400      |       15.0      
       5866      |       21.6666666667      
       11440      |       12.5      
       717      |       25.0      
       11300      |       15.0      
       3110      |       19.5654761905      
       1201      |       15.0      
       70699      |       10.0      
       1070      |       15.0      
       8021      |       30.0      
       11315      |       10.0      
       11318      |       15.0      
       11319      |       17.5      
       3128      |       22.987654321      
       3129      |       25.75      
       3130      |       16.6666666667      
       11324      |       18.0      
       11325      |       17.8333333333      
       7349      |       26.5      
       11328      |       12.5      
       3137      |       10.0      
       11330      |       10.0      
       11331      |       15.0      
       3140      |       20.7918781726      
       3141      |       13.3333333333      
       3145      |       27.7777777778      
       3148      |       14.9655172414      
       70733      |       15.0      
       11344      |       30.0      
       1105      |       18.0      
       3154      |       15.0      
       3157      |       26.8620689655      
       11350      |       24.0      
       70743      |       15.0      
       3160      |       22.7037037037      
       11354      |       16.8      
       1115      |       25.0      
       3258      |       17.1666666667      
       5214      |       22.6875      
       5218      |       18.0      
       187      |       21.0      
       188      |       18.0      
       1265      |       10.0      
       3180      |       24.8679245283      
       3181      |       29.8705882353      
       3182      |       23.4383561644      
       3183      |       7.5      
       1136      |       25.0      
       5234      |       5.0      
       5357      |       18.5      
       3189      |       17.5      
       3190      |       22.5      
       3191      |       20.0714285714      
       3192      |       15.0      
       3193      |       25.0      
       3195      |       23.25      
       3197      |       18.2068965517      
       3200      |       11.0      
       7297      |       40.0      
       3202      |       16.0      
       3203      |       21.8333333333      
       1156      |       20.0      
       3205      |       18.125      
       3206      |       19.2592592593      
       193      |       15.0      
       3208      |       17.037037037      
       10336      |       12.5      
       3210      |       17.75      
       3211      |       27.6666666667      
       1164      |       20.4074074074      
       1218      |       18.5      
       1166      |       22.1224489796      
       51390      |       12.0      
       1168      |       21.7777777778      
       5265      |       28.3      
       1171      |       19.2      
       3220      |       24.0      
       3221      |       13.1891891892      
       3222      |       17.0      
       7320      |       15.0      
       3225      |       17.0      
       3227      |       45.0      
       197      |       28.0638297872      
       11424      |       16.9227166276      
       5283      |       16.0      
       198      |       23.0      
       3238      |       17.1025641026      
       1191      |       18.3333333333      
       3241      |       16.25      
       3242      |       22.1785714286      
       199      |       26.4545454545      
       3244      |       25.0      
       3245      |       32.0      
       1198      |       20.0      
       3247      |       15.0      
       1200      |       18.3333333333      
       11441      |       20.0      
       7347      |       15.0      
       11445      |       15.0      
       1208      |       16.2      
       7354      |       16.6      
       1215      |       23.6666666667      
       11088      |       25.0      
       3265      |       12.5714285714      
       3266      |       22.9523809524      
       1219      |       15.0      
       204      |       10.0      
       1226      |       15.0      
       1227      |       23.0      
       1231      |       17.5      
       1232      |       15.0      
       1233      |       17.5      
       3283      |       15.0      
       1236      |       8.0      
       11477      |       15.0      
       1238      |       20.875      
       5337      |       21.6428571429      
       1031      |       21.1111111111      
       1244      |       17.2424242424      
       1245      |       17.6363636364      
       1246      |       14.5384615385      
       5343      |       30.0      
       11472      |       15.0      
       3298      |       20.0      
       7395      |       16.25      
       5348      |       23.4827586207      
       7397      |       15.6666666667      
       5350      |       21.2      
       5351      |       20.0      
       5352      |       22.5      
       5354      |       0.0      
       5355      |       28.3541666667      
       11501      |       15.4375      
       3311      |       20.0      
       3313      |       13.0      
       1267      |       16.0238095238      
       3316      |       15.0      
       3759      |       15.0      
       3318      |       15.0      
       1271      |       14.875      
       1272      |       17.2222222222      
       1275      |       27.0      
       1277      |       15.0      
       11518      |       22.3333333333      
       1279      |       15.1666666667      
       11520      |       14.0      
       1282      |       15.0      
       3331      |       10.0      
       10454      |       15.0      
       1288      |       15.1081081081      
       1289      |       10.0      
       3338      |       15.5      
       1291      |       15.8181818182      
       1292      |       13.4      
       1293      |       15.0      
       1294      |       16.2666666667      
       1295      |       30.0      
       1298      |       11.5      
       1301      |       60.0      
       1303      |       27.5      
       7448      |       15.0      
       211      |       30.0      
       54555      |       20.2903225806      
       3357      |       14.5555555556      
       3360      |       15.0      
       1313      |       15.0      
       7458      |       18.0      
       180      |       18.3333333333      
       5412      |       20.75      
       5413      |       16.7096774194      
       5414      |       27.6923076923      
       1319      |       9.33333333333      
       7464      |       14.7333333333      
       3369      |       18.4210526316      
       1322      |       27.1428571429      
       7467      |       30.0      
       5421      |       21.1      
       5422      |       21.2      
       54575      |       24.7142857143      
       7473      |       17.5      
       3379      |       15.0      
       1333      |       77.0      
       3382      |       14.0      
       11576      |       15.0      
       7482      |       40.6666666667      
       11487      |       15.0      
       5436      |       17.0      
       7486      |       27.0      
       1346      |       17.5      
       10956      |       11.25      
       3400      |       16.875      
       1353      |       17.7954545455      
       1354      |       15.0      
       10125      |       34.0      
       3408      |       15.0      
       3409      |       23.0      
       3299      |       10.0      
       3300      |       16.3333333333      
       11612      |       18.0      
       1373      |       18.2      
       3301      |       15.8333333333      
       1376      |       25.2222222222      
       5473      |       30.0      
       3428      |       19.1930294906      
       11621      |       20.0      
       3431      |       19.3387096774      
       572      |       15.0      
       3434      |       18.9      
       1387      |       34.0      
       1389      |       40.0      
       11630      |       27.5      
       3439      |       18.8461538462      
       1393      |       16.0      
       4138      |       11.75      
       391      |       16.6666666667      
       4329      |       15.5      
       7546      |       12.0      
       1406      |       30.0      
       54655      |       17.6666666667      
       3456      |       16.75      
       3457      |       22.3333333333      
       1259      |       14.0      
       5508      |       24.9583333333      
       4275      |       20.3333333333      
       11654      |       29.3333333333      
       3463      |       15.0      
       4332      |       26.3395061728      
       11159      |       16.0      
       1411      |       20.0      
       5518      |       15.0      
       3309      |       15.5      
       3472      |       33.0      
       4442      |       22.0      
       3474      |       15.0      
       1427      |       8.5      
       3478      |       15.0      
       11671      |       16.6666666667      
       5529      |       24.0      
       71066      |       50.0      
       5465      |       29.0      
       11258      |       30.0      
       1139      |       17.3333333333      
       11684      |       15.0      
       1445      |       12.5      
       11686      |       20.0      
       7409      |       32.5      
       3498      |       15.0      
       11697      |       11.5      
       3506      |       21.75      
       1461      |       39.5      
       11702      |       25.0      
       11703      |       25.125      
       11508      |       54.0      
       11706      |       34.0      
       11710      |       20.0      
       1473      |       30.0      
       3524      |       10.0      
       4342      |       10.8888888889      
       11727      |       44.0      
       3536      |       13.0      
       4344      |       19.5      
       11730      |       20.4210526316      
       3541      |       50.8      
       3546      |       14.0      
       7646      |       10.0      
       933      |       39.2857142857      
       11748      |       20.8333333333      
       3561      |       18.6666666667      
       3562      |       12.5      
       4824      |       20.7619047619      
       11759      |       8.0      
       3569      |       30.0      
       7668      |       15.0      
       254      |       10.0      
       11769      |       10.0      
       5626      |       15.0      
       219      |       35.0      
       5630      |       13.0      
       5717      |       15.0      
       5633      |       11.125      
       53380      |       39.0      
       5635      |       16.2      
       5646      |       15.0      
       3600      |       10.0      
       11523      |       20.0      
       260      |       60.0      
       5659      |       15.0      
       3613      |       15.0      
       7048      |       10.0      
       52775      |       18.5      
       1348      |       23.75      
       3625      |       15.0      
       4349      |       5.0      
       11646      |       10.0      
       3640      |       18.3333333333      
       3641      |       10.4285714286      
       5690      |       11.3333333333      
       5691      |       33.0      
       3644      |       28.0      
       1290      |       19.4666666667      
       3646      |       27.5      
       5696      |       26.4      
       3650      |       10.0      
       3655      |       12.5      
       268      |       15.0      
       4451      |       21.6666666667      
       3664      |       17.5      
       3665      |       15.0      
       50770      |       21.619047619      
       10510      |       15.0      
       5719      |       18.0      
       3680      |       30.0      
       3682      |       19.0      
       273      |       25.9      
       5736      |       11.6666666667      
       3689      |       15.0      
       3690      |       15.0      
       4711      |       24.5      
       3692      |       35.0      
       191      |       15.0      
       4839      |       15.0      
       3702      |       12.5      
       1283      |       20.0      
       54922      |       15.0      
       279      |       20.0      
       10520      |       15.0      
       5781      |       21.8787878788      
       5782      |       30.0      
       3735      |       15.0      
       4898      |       20.0      
       1375      |       15.0      
       3744      |       17.875      
       1307      |       16.6666666667      
       10013      |       12.5      
       7110      |       12.5      
       3752      |       23.75      
       57001      |       15.0      
       50860      |       12.8      
       626      |       12.8461538462      
       5806      |       0.0      
       5807      |       18.6363636364      
       4285      |       15.0      
       5813      |       19.25      
       440      |       20.0      
       56265      |       19.0      
       3768      |       15.1333333333      
       5817      |       20.7666666667      
       3770      |       25.0      
       3775      |       17.5      
       57024      |       33.3333333333      
       4785      |       15.5      
       3781      |       20.8548387097      
       3782      |       15.8571428571      
       3783      |       20.0      
       3784      |       28.2105263158      
       876      |       45.0      
       57034      |       15.0      
       5835      |       18.6666666667      
       3788      |       20.0      
       10530      |       26.1666666667      
       51675      |       58.3333333333      
       7459      |       15.0      
       5847      |       19.5714285714      
       6831      |       15.0      
       57050      |       24.6666666667      
       5851      |       16.3636363636      
       3804      |       29.4444444444      
       3805      |       22.8      
       3807      |       20.4734848485      
       3808      |       50.0      
       3809      |       28.15625      
       3810      |       36.875      
       195      |       23.1428571429      
       3818      |       18.2857142857      
       3819      |       22.7777777778      
       3820      |       19.7708333333      
       3821      |       22.9523809524      
       3824      |       20.0      
       3368      |       25.5555555556      
       3826      |       19.5652173913      
       3827      |       18.3103448276      
       3828      |       18.3409090909      
       3829      |       20.8387096774      
       3830      |       19.3043478261      
       5879      |       15.0      
       3832      |       21.6388888889      
       3833      |       27.25      
       3835      |       15.0      
       7466      |       20.0      
       3838      |       19.1836734694      
       3839      |       28.75      
       54275      |       15.0      
       299      |       16.6666666667      
       57092      |       15.0      
       3847      |       20.1978021978      
       5896      |       20.0      
       3849      |       20.5303030303      
       3850      |       21.25      
       5899      |       15.7142857143      
       60      |       16.4166666667      
       401      |       30.0      
       3857      |       16.5      
       55061      |       60.0      
       3862      |       29.5      
       3864      |       20.0526315789      
       10009      |       15.0      
       3866      |       21.0      
       303      |       16.4      
       10387      |       15.0      
       986      |       20.25      
       5694      |       15.0      
       3873      |       23.8857142857      
       3874      |       20.0      
       7132      |       15.0      
       3882      |       20.0      
       3884      |       38.0      
       402      |       17.5      
       1425      |       22.0      
       10427      |       9.0      
       10018      |       0.0      
       4746      |       29.0      
       3381      |       15.0      
       10051      |       16.0      
       8004      |       22.6666666667      
       7137      |       15.0      
       8012      |       20.0      
       8013      |       37.0      
       10678      |       10.0      
       653      |       22.2307692308      
       3922      |       25.0      
       5973      |       18.0      
       11135      |       15.0      
       8027      |       15.0      
       8028      |       15.0      
       8029      |       15.0      
       5982      |       13.0      
       7496      |       15.0      
       8034      |       24.0      
       4753      |       18.65      
       3388      |       25.0      
       3204      |       16.5454545455      
       4228      |       15.0      
       8051      |       15.0      
       1002      |       20.0      
       52885      |       19.1428571429      
       1003      |       21.0      
       3973      |       30.0      
       3974      |       23.6666666667      
       4417      |       47.0      
       3977      |       22.5      
       4224      |       15.0      
       322      |       28.0      
       8079      |       15.0      
       7634      |       10.0      
       3985      |       7.0      
       10133      |       14.3333333333      
       3990      |       18.1176470588      
       3396      |       18.0      
       11756      |       15.0      
       10142      |       9.0      
       59717      |       24.0      
       4003      |       16.3333333333      
       10150      |       9.0      
       4008      |       20.0      
       4009      |       40.0      
       4010      |       19.2857142857      
       4011      |       21.7777777778      
       4012      |       20.6666666667      
       4014      |       15.0      
       4015      |       16.25      
       4017      |       15.7435897436      
       10163      |       16.6666666667      
       4021      |       8.0      
       53175      |       18.0      
       4025      |       31.5483870968      
       4026      |       13.0      
       10171      |       0.0      
       10172      |       10.0      
       4032      |       17.5      
       4035      |       23.3553719008      
       4037      |       21.0      
       4038      |       22.3333333333      
       4040      |       21.3913043478      
       4047      |       20.0      
       4048      |       24.5555555556      
       4049      |       7.0      
       4050      |       25.4482758621      
       4052      |       15.0      
       4054      |       15.0      
       4056      |       20.0      
       4057      |       15.0      
       4058      |       15.2      
       286      |       8.33333333333      
       7162      |       23.0      
       4065      |       10.0      
       4066      |       22.1764705882      
       1019      |       27.0      
       4068      |       22.1538461538      
       1309      |       30.0      
       4433      |       45.0      
       4076      |       24.6666666667      
       4787      |       20.0      
       4432      |       25.0      
       3411      |       31.0      
       11320      |       22.5      
       4090      |       14.0      
